8546
23476
6046
10283
124245
57153
9512
10897
481
34
2108
2040
2677
523
5714
7905
23203
196527
10531
10463
60493
148867
10426
79934
113174
92840
92105
89874
10844
80222
57142
51439
10157
26993
25980
28969
9136
26986
1459
1460
10146
8761
23367
25940
79753
5976
4343
9908
9188
55131
25873
51125
25921
5422
5557
5558
23649
79709
5318
161
2671
57222
1173
80273
6902
55206
10295
10270
23077
10569
8737
9898
219743
51248
84726
55833
24149
64784
159195
29066
23185
55285
6938
53938
54477
9755
11113
3281
5116
11116
5576
5566
5577
5962
1063
7088
7090
166
2802
2801
2804
56850
9857
9659
9662
23177
11064
23085
9648
79745
51199
201134
145282
8975
79571
152789
55755
10142
64689
79443
79078
11190
29110
51361
22981
2717
3615
23408
10204
382
10193
11001
9470
5447
5910
23325
23307
26058
3416
26519
440138
23225
90580
55735
26515
26520
3066
2876
55621
10632
537
10280
79572
8540
80777
2181
1727
5898
1312
5878
7879
4218
5862
10890
51552
387
5861
2782
2787
10960
7841
26092
64757
169714
9653
91942
51097
949
57106
79877
26355
131118
55829
80142
22931
10199
6731
11101
7468
6728
6729
64432
1662
51574
56257
25983
11340
79731
79954
79080
51091
56915
51010
26574
25831
51116
64969
23404
23107
2963
2200
2201
8021
23636
10238
7458
53371
57534
23111
91754
84858
4927
9818
27430
10516
5538
8453
55700
79178
79699
26521
9978
6921
6923
3162
286827
151188
23339
23155
55823
25777
29880
30968
4928
8480
23787
55027
23195
5352
1861
8614
5327
3688
284106
1291
5817
1786
4015
5046
83729
10577
4240
10956
4884
79070
143888
56605
23646
80020
79586
126789
23065
8836
27248
23765
55768
90161
6388
4758
9518
80213
23071
80267
64374
23509
64093
79666
54850
55757
54480
9510
10525
51661
8754
60681
9368
27243
7812
9868
4140
2011
51611
79077
4139
58155
9529
7993
8733
7466
4363
2150
22937
23333
27346
55676
202018
79956
79671
162427
84720
55711
51295
79053
55116
27069
28976
54602
617
51103
50999
4715
94005
